-43.0 193.0
-40.5 192.5
-38.0 192.0
-36.5 192.0
-35.0 192.0
-32.5 191.5
-30.0 191.5
-28.0 191.5
-25.5 191.5
-24.0 191.5
-22.0 191.5
-20.5 191.5
-19.0 191.5
-17.0 191.5
-15.0 191.5
-13.0 191.5
-11.0 191.5
-8.5 191.5
-6.5 191.5
-5.0 191.5
-3.5 191.5
-2.0 191.5
0.5 191.5
2.0 191.5
4.5 191.5
6.0 191.5
8.0 191.5
9.5 191.5
11.0 191.5
12.5 191.5
14.0 191.5
15.5 192.0
17.0 192.5
18.5 193.5
20.0 193.5
21.5 194.0
23.0 195.0
25.0 195.5
26.5 196.5
28.0 196.5
29.5 197.0
31.0 198.0
32.5 199.0
34.0 199.0
35.0 200.5
36.5 201.0
38.0 201.5
39.5 202.0
41.0 203.5
42.5 204.0
44.0 205.0
45.5 205.5
47.0 206.0
48.5 207.0
50.5 208.5
52.0 208.5
53.5 209.5
55.0 210.0
56.5 210.0
59.0 210.0
60.5 210.0
62.5 210.0
64.0 210.0
65.5 210.0
67.5 210.0
69.5 210.0
71.0 210.0
73.0 210.0
74.5 210.0
76.5 210.0
78.5 209.5
80.0 209.5
81.5 209.0
83.0 208.5
85.0 208.5
86.5 208.0
88.0 207.5
89.5 207.0
91.5 206.0
93.0 206.0
94.5 205.0
96.0 204.5
97.5 203.5
99.0 203.0
100.5 202.0
102.0 201.5
104.0 201.0
105.5 200.0
107.5 199.5
109.0 199.0
111.0 199.0
112.5 198.0
114.0 197.5
115.5 197.0
117.0 196.5
118.5 196.0
120.0 195.0
121.5 194.5
123.0 194.0
125.0 193.0
127.0 192.5
129.0 191.5
130.5 191.0
132.0 191.0
134.0 190.0
135.5 190.0
137.0 190.0
139.5 189.0
141.0 189.0
142.5 188.5
145.0 188.5
147.5 188.5
149.0 188.5
150.5 188.5
152.5 188.5
154.0 188.5
155.5 188.5
157.0 188.5
158.5 188.5
161.0 188.5
162.5 188.5
164.0 188.5
165.5 188.5
167.0 188.5
168.5 188.5
170.5 188.5
172.0 189.0
173.5 189.0
175.5 190.0
177.0 190.5
179.0 190.5
180.5 191.0
182.0 191.0
183.5 191.5
185.5 192.0
188.0 193.0
190.5 193.5
192.5 195.0
194.0 195.5
196.5 196.5
198.5 197.0
201.0 197.5
203.5 198.0
205.0 199.0
206.5 199.0
208.0 200.0
209.5 200.0
211.0 200.5
213.0 201.0
215.5 201.5
217.5 201.5
220.5 201.5
223.0 202.0
226.0 202.0
229.0 202.0
232.0 202.0
234.5 202.0
237.5 202.0
239.5 202.0
241.5 202.0
243.5 202.0
245.0 202.0
247.5 202.0
249.0 201.5
251.0 201.0
252.5 200.5
254.5 200.0
256.5 199.5
258.0 198.5
259.5 198.5
261.5 198.0
263.5 197.0
266.0 196.0
268.0 194.5
269.5 194.0
271.5 193.5
273.0 192.5
275.0 192.0
276.5 191.0
278.0 190.0
280.5 189.5
282.5 188.5
284.5 187.5
286.0 187.5
287.0 186.0
289.0 186.0
290.5 185.5
292.0 185.5
293.5 185.0
295.0 184.5
297.0 184.0
298.5 183.5
300.0 183.5
302.0 183.0
304.0 183.0
306.0 183.0
307.5 182.5
309.5 182.5
311.0 182.0
312.5 182.0
314.0 182.0
315.5 182.0
317.0 182.0
319.0 182.0
320.5 181.5
322.5 181.5
324.5 181.5
326.0 181.0
327.5 181.0
329.0 181.0
330.5 181.0
332.5 181.0
334.0 181.0
335.5 181.0
337.0 181.0
339.0 181.0
340.5 181.0
342.0 180.5
344.5 180.5
346.0 180.5
347.5 180.0
349.0 180.0
350.5 180.0
352.5 179.5
354.0 179.0
355.5 178.5
357.0 178.0
358.5 177.0
360.0 176.5
361.5 175.5
363.0 175.5
364.0 174.0
365.5 173.0
367.0 171.5
368.5 169.5
370.0 168.5
371.0 166.5
372.0 165.0
372.5 163.5
373.5 162.0
374.0 159.5
374.5 158.0
375.0 156.5
375.0 155.0
375.0 153.5
375.0 151.5
375.0 149.5
375.0 148.0
375.0 146.5
374.5 145.0
374.0 142.5
373.0 141.0
372.0 139.5
371.0 137.5
369.5 137.0
368.5 135.5
367.5 134.0
366.0 133.0
365.0 131.5
363.5 130.5
362.0 129.5
360.5 129.0
359.0 128.0
357.5 127.5
356.0 127.0
354.5 126.0
352.5 125.0
351.0 125.0
349.5 124.0
348.0 124.0
346.5 124.0
345.0 124.0
343.5 124.0
342.0 124.0
340.5 123.5
339.0 123.5
337.5 123.0
335.5 122.5
334.0 122.5
332.5 121.5
331.0 121.0
329.0 120.0
327.0 118.5
326.0 117.0
324.5 116.0
323.5 114.5
322.5 113.0
321.5 111.0
321.0 109.0
320.5 107.5
320.0 106.0
319.5 104.5
318.5 103.0
318.5 101.5
318.0 100.0
318.0 98.5
318.0 97.0
318.0 95.5
318.5 94.0
318.5 92.0
319.0 90.5
319.5 89.0
320.5 87.0
321.5 85.5
322.5 83.5
323.5 81.5
324.5 80.0
326.0 78.5
327.5 77.5
329.0 76.5
330.0 75.0
331.5 74.0
333.0 73.5
334.5 72.5
336.0 71.5
337.5 70.5
338.5 69.0
340.0 68.0
341.0 65.5
342.0 64.0
344.0 62.5
345.0 61.0
346.0 59.5
347.0 57.5
347.0 56.0
347.5 54.5
348.5 52.5
349.0 51.0
349.5 49.5
349.5 48.0
350.0 46.0
350.5 44.0
351.0 42.0
351.0 40.5
351.0 39.0
351.0 37.5
351.0 36.0
351.0 34.5
350.0 32.5
349.5 31.0
348.0 29.5
347.0 28.0
346.0 26.5
344.0 25.5
343.5 24.0
342.0 23.0
340.5 21.5
339.0 20.5
337.5 19.0
335.5 18.0
334.0 17.5
332.5 16.5
331.0 15.5
329.5 15.0
328.0 14.5
326.0 14.0
324.5 13.5
323.0 13.5
321.5 12.5
320.0 12.5
318.5 12.5
317.0 12.0
315.5 12.0
314.0 12.0
312.5 12.0
311.0 12.0
309.5 12.0
308.0 12.0
306.5 12.0
305.0 12.0
303.5 12.0
301.5 12.0
300.0 12.0
298.5 12.0
296.5 12.0
294.5 12.0
292.5 12.0
290.5 12.0
289.0 12.0
287.0 12.5
285.5 13.5
284.0 15.0
282.5 16.0
281.0 17.0
281.0 18.5
279.5 19.5
278.0 20.0
277.5 21.5
276.0 23.5
275.0 25.0
274.0 26.5
272.5 28.0
271.5 29.5
271.0 31.0
271.0 32.5
271.0 34.0
271.0 35.5
271.0 37.0
271.0 39.0
271.0 41.0
271.0 42.5
271.5 44.0
272.5 45.5
272.5 47.0
272.5 49.0
273.0 50.5
273.5 52.0
274.0 53.5
274.5 55.0
275.0 56.5
275.0 58.0
275.0 59.5
275.0 61.0
275.0 62.5
275.0 64.0
275.0 66.0
275.0 67.5
275.0 69.0
275.0 70.5
274.0 72.0
273.5 73.5
273.0 75.0
272.5 76.5
271.5 78.0
270.0 78.5
269.5 80.0
268.5 81.5
267.5 83.0
266.0 84.0
265.0 85.5
263.5 86.5
261.5 87.5
260.0 88.5
258.5 89.5
257.0 90.5
255.5 91.5
254.0 92.5
252.5 93.0
251.0 94.0
249.0 95.0
247.5 96.5
246.5 98.0
246.0 100.0
246.0 101.5
246.0 103.0
246.0 104.5
246.0 106.0
246.0 107.5
246.0 109.0
246.0 110.5
246.0 112.0
246.0 113.5
246.5 115.0
246.5 117.0
246.5 118.5
247.5 120.0
247.5 121.5
247.5 123.0
247.5 124.5
247.5 126.5
247.5 128.5
247.5 130.0
247.5 131.5
247.5 133.0
247.5 134.5
246.5 136.0
245.5 137.5
245.5 139.0
244.0 140.0
243.5 141.5
242.5 143.0
242.0 144.5
241.0 146.0
239.5 147.0
239.0 148.5
237.5 149.5
236.0 150.0
235.5 151.5
234.0 151.5
232.5 152.5
230.5 153.0
229.0 154.0
227.5 154.5
226.0 155.0
224.5 155.0
222.5 155.5
221.0 156.0
219.0 156.5
217.5 156.5
216.0 156.5
214.5 156.5
213.0 156.5
211.5 156.5
209.5 156.5
208.0 156.5
206.5 156.5
205.0 156.5
203.5 156.5
202.0 156.5
200.5 156.0
199.0 156.0
197.5 155.5
196.0 155.0
194.5 154.5
193.0 154.0
191.5 153.0
190.0 152.5
189.0 151.0
187.5 150.5
185.0 149.5
184.5 148.0
183.0 147.0
181.5 146.0
181.0 144.5
180.0 142.5
178.5 141.5
177.5 139.5
176.5 138.0
175.5 136.5
175.0 135.0
174.5 133.5
174.5 131.5
174.0 130.0
174.0 128.5
173.5 126.5
173.0 125.0
173.0 123.5
172.5 121.5
172.5 119.5
172.5 118.0
172.5 115.5
172.5 114.0
172.5 112.0
172.5 110.0
172.5 108.0
172.5 106.5
172.5 105.0
173.0 103.5
173.5 102.0
174.0 99.5
174.5 98.0
175.0 96.5
175.5 95.0
177.0 93.5
177.0 91.5
177.5 90.0
178.0 88.5
178.5 87.0
179.0 85.5
180.0 83.0
180.5 81.0
181.0 79.5
182.0 78.0
182.0 76.5
182.5 74.5
182.5 73.0
183.0 71.5
183.5 70.0
183.5 68.5
183.5 67.0
183.5 65.0
183.5 63.5
183.5 62.0
183.5 60.5
183.5 59.0
183.5 57.5
183.5 56.0
183.5 54.5
183.5 53.0
182.5 51.5
182.0 50.0
182.0 48.5
181.5 47.0
180.0 45.5
180.0 44.0
179.0 42.5
178.0 40.5
176.5 39.5
175.5 38.0
174.5 36.5
173.0 35.5
171.5 34.5
170.0 33.5
169.0 32.0
167.5 31.5
166.0 31.0
164.5 30.5
163.0 30.0
161.5 29.0
159.5 29.0
158.0 28.0
156.0 28.0
154.5 28.0
153.0 28.0
150.5 28.0
149.0 28.0
147.5 27.5
146.0 27.5
144.5 27.5
142.5 27.5
141.0 27.5
139.5 28.0
137.5 28.0
136.0 28.5
134.0 29.0
132.5 29.5
131.0 30.0
129.5 30.5
128.0 31.0
126.5 32.0
125.0 33.0
123.5 33.5
122.0 34.0
121.0 35.5
119.5 36.0
118.0 37.0
116.5 38.0
115.5 39.5
114.5 41.0
113.5 43.0
113.0 44.5
112.0 46.0
111.0 47.5
111.0 49.0
110.5 50.5
110.0 52.0
110.0 53.5
110.0 55.0
110.0 56.5
110.0 58.5
110.0 60.0
110.0 61.5
110.5 63.0
110.5 64.5
111.0 66.0
111.0 67.5
111.5 69.0
112.0 70.5
112.5 72.0
113.0 73.5
113.5 75.0
113.5 76.5
114.0 78.0
114.5 79.5
114.5 81.0
115.0 83.0
115.0 84.5
115.0 86.0
115.0 87.5
115.0 89.0
115.0 90.5
115.0 92.0
114.0 93.5
113.0 95.0
111.5 96.5
110.0 97.5
108.5 98.0
107.0 98.5
105.5 99.0
104.0 99.0
102.5 100.0
101.0 100.0
99.5 100.0
98.0 100.0
96.5 100.0
95.0 100.0
93.5 100.0
91.5 100.0
90.0 100.0
88.5 100.0
87.0 100.0
85.5 99.5
84.0 99.5
82.5 99.0
81.0 98.0
79.5 98.0
78.0 97.0
76.5 96.5
74.5 95.5
73.0 94.5
71.0 93.5
69.5 92.5
68.5 91.0
67.0 90.0
65.5 89.5
64.0 89.0
62.5 88.5
61.0 87.5
59.5 86.5
57.5 86.0
56.0 86.0
54.5 85.0
53.0 85.0
51.5 85.0
50.0 85.0
48.5 85.0
47.0 85.0
45.5 85.0
44.0 85.0
42.5 85.0
40.5 85.0
39.0 86.0
37.5 86.0
36.0 87.0
35.0 88.5
33.5 89.0
32.0 90.0
31.0 91.5
30.0 93.0
28.5 94.0
28.0 95.5
27.0 97.0
26.5 98.5
26.0 100.0
25.5 101.5
25.5 103.0
25.5 104.5
25.0 106.0
25.0 107.5
25.0 109.0
25.0 110.5
25.5 112.0
25.5 113.5
26.0 115.0
26.0 117.0
27.0 118.5
27.0 120.0
28.0 121.5
28.0 123.0
28.0 124.5
28.5 126.5
29.5 128.5
30.5 130.0
31.0 131.5
32.5 132.5
33.0 134.0
33.5 135.5
34.5 137.0
36.0 138.0
37.0 139.5
38.5 140.5
40.5 141.5
42.0 143.0
43.5 143.5
45.5 144.5
47.0 145.0
49.0 145.5
51.0 146.0
52.5 146.0
54.0 146.0
55.5 146.0
57.5 146.0
59.5 146.0
61.0 146.0
63.0 146.0
64.5 146.0
67.0 146.0
68.5 146.0
70.5 146.0
72.0 146.0
73.5 146.0
75.5 146.0
77.0 146.0
78.5 146.0
80.0 146.5
81.5 147.0
83.5 147.0
85.5 147.5
87.0 148.0
88.5 149.0
90.0 149.5
91.5 150.0
92.5 151.5
94.0 153.0
95.0 154.5
94.5 157.0
94.0 159.5
94.0 161.0
94.0 162.5
94.0 164.0
94.0 165.5
94.0 167.0
93.5 168.5
93.0 170.0
92.5 171.5
91.0 172.5
91.0 174.0
90.0 175.5
89.0 177.0
88.0 178.5
87.0 180.0
85.5 181.0
84.5 182.5
82.5 183.5
81.0 184.5
80.5 186.5
79.0 187.5
78.0 189.0
76.5 189.5
75.0 191.0
73.5 191.5
72.5 193.0
71.0 193.5
70.5 195.0
69.0 196.5
67.5 197.0
66.5 198.5
64.5 199.0
64.0 200.5
62.5 201.5
61.5 203.5
59.5 204.5
58.0 206.0
56.5 206.5
55.0 207.5
53.5 208.5
52.0 210.0
50.5 211.0
49.5 212.5
48.0 213.0
47.0 214.5
46.0 216.5
45.5 218.0
45.0 219.5
44.5 221.0
44.5 222.5
43.5 224.5
43.5 226.0
43.0 227.5
43.0 229.0
42.5 231.0
42.5 232.5
42.0 234.0
42.0 236.0
42.0 237.5
42.0 239.0
42.0 240.5
42.0 242.0
42.5 243.5
44.0 244.5
44.5 246.0
46.0 247.0
47.0 248.5
48.5 249.0
50.0 250.0
51.5 251.0
53.0 251.5
54.5 252.0
56.0 252.5
57.5 253.5
59.0 253.5
60.5 254.5
62.0 255.0
63.5 255.5
65.5 255.5
67.0 255.5
68.5 256.0
70.0 256.0
71.5 256.5
73.0 256.5
75.0 257.0
76.5 257.5
78.0 257.5
79.5 258.0
81.0 259.0
82.5 260.0
84.0 260.5
85.5 262.0
86.0 263.5
87.5 264.5
88.5 266.0
89.0 267.5
89.5 269.0
89.5 270.5
89.5 272.0
89.5 273.5
89.5 275.0
89.5 276.5
88.5 278.0
88.0 280.5
87.0 282.0
86.0 283.5
85.0 285.0
84.5 286.5
83.5 288.5
82.0 290.0
81.5 291.5
80.5 293.0
80.0 294.5
79.0 296.0
78.0 297.5
77.5 299.0
76.5 300.5
75.5 302.0
74.0 302.5
73.5 304.0
73.0 305.5
72.0 307.0
70.5 308.5
70.0 310.0
69.5 311.5
68.5 313.0
67.5 314.5
67.0 316.0
66.5 317.5
65.0 318.5
64.5 320.0
64.0 321.5
63.0 323.0
63.0 324.5
62.0 326.0
62.0 327.5
61.5 329.0
61.0 331.0
61.0 332.5
61.0 334.0
62.0 335.5
63.5 336.5
64.5 338.0
66.0 338.5
66.0 340.0
67.5 340.5
69.0 341.5
70.5 342.5
72.0 343.0
73.0 344.5
74.5 345.5
76.0 346.5
77.5 347.0
79.0 348.0
80.5 348.5
82.0 349.5
83.5 350.0
85.5 350.5
87.5 350.5
89.5 351.0
91.5 351.0
94.0 351.0
95.5 351.0
97.0 351.0
98.5 351.0
100.0 350.5
101.5 349.5
104.0 348.0
105.5 347.5
107.0 347.0
108.5 346.5
110.0 345.5
111.5 345.0
112.5 343.5
114.0 343.0
115.0 341.0
116.5 339.5
117.0 338.0
118.5 337.0
120.0 335.5
121.0 334.0
122.0 332.0
122.5 330.5
123.5 329.0
124.5 327.5
125.5 326.0
127.0 324.0
128.0 322.5
129.0 321.0
130.0 319.0
130.5 317.0
131.5 314.5
132.0 313.0
133.0 311.5
133.0 310.0
134.0 308.0
134.5 305.5
135.0 303.5
135.5 301.5
136.5 299.5
137.0 297.0
138.0 295.0
138.0 292.5
138.5 290.0
139.0 287.5
139.5 285.0
140.5 282.5
140.5 279.5
140.5 278.0
140.5 276.5
142.0 274.0
142.5 271.5
143.5 269.0
145.0 267.0
145.0 264.5
146.0 262.0
146.5 260.0
147.0 258.0
148.0 255.5
148.5 254.0
149.5 252.0
150.5 250.0
151.0 248.5
151.5 247.0
153.5 245.5
154.0 243.5
155.5 242.5
156.5 240.0
157.5 238.5
159.0 237.0
160.5 236.0
162.0 234.5
163.5 234.5
165.0 233.0
166.5 232.5
168.0 232.5
169.5 232.5
171.0 232.5
172.5 232.5
174.0 232.5
175.5 233.0
177.0 234.0
179.0 235.5
180.5 236.0
182.0 237.0
183.5 238.0
184.5 239.5
185.5 241.0
186.5 242.5
188.0 243.5
188.0 245.0
189.0 247.5
190.0 249.0
190.0 250.5
191.5 252.5
192.0 254.0
192.5 256.0
193.0 257.5
194.0 259.0
194.5 260.5
195.0 262.0
196.0 263.5
196.5 265.5
197.0 267.5
197.5 270.0
198.0 271.5
198.0 273.5
199.0 275.0
199.0 276.5
199.5 278.0
199.5 279.5
200.0 281.5
200.5 283.0
201.0 285.0
202.0 287.0
202.0 288.5
203.0 291.0
203.5 293.5
204.5 295.5
205.0 297.5
205.5 299.5
207.0 301.0
207.5 302.5
208.0 304.5
209.0 306.0
210.0 308.0
211.0 310.0
212.0 311.5
213.0 313.0
214.5 314.0
215.5 316.0
215.5 317.5
217.5 318.5
219.0 319.5
220.5 320.5
222.0 321.0
223.5 321.0
225.0 321.5
227.0 321.5
228.5 321.5
231.0 322.0
232.5 322.0
235.0 322.0
236.5 322.0
238.5 322.0
240.5 322.0
242.0 321.0
243.5 319.5
245.0 318.5
247.0 318.0
248.0 316.5
249.0 315.0
250.5 314.0
251.5 312.5
252.5 311.0
254.5 309.5
255.5 308.0
256.5 306.5
257.5 305.0
258.5 303.5
260.0 302.0
261.5 300.5
262.5 298.0
264.0 297.0
265.5 296.0
266.5 294.5
267.5 293.0
268.0 291.5
269.0 289.5
269.5 288.0
270.5 286.5
271.0 285.0
271.0 283.5
272.5 281.5
273.5 279.5
274.0 278.0
274.0 276.5
274.5 275.0
275.0 273.0
275.5 271.5
276.0 270.0
276.5 268.5
277.5 266.5
278.5 264.5
279.0 262.5
280.0 261.0
281.5 259.5
282.0 258.0
282.0 256.0
283.5 255.0
284.0 253.5
285.0 252.0
286.0 250.5
287.0 249.0
288.5 246.5
290.0 245.5
291.0 244.0
292.0 242.5
293.5 241.0
294.5 239.5
295.5 237.5
297.0 236.0
298.5 235.0
300.0 234.0
300.5 232.5
302.0 231.0
303.0 229.5
304.5 228.5
306.5 227.0
308.0 225.5
309.5 224.5
310.5 223.0
312.0 221.5
313.5 221.5
315.0 220.0
316.5 219.0
318.5 218.0
320.0 218.0
321.5 217.5
324.0 216.5
325.5 216.5
327.0 216.0
329.5 215.5
331.0 215.5
332.5 215.5
334.0 215.0
335.5 214.5
337.0 214.0
338.5 214.0
340.5 214.0
342.5 214.0
344.0 214.0
345.5 214.0
347.0 213.0
349.0 213.0
351.0 213.0
353.0 213.0
354.5 213.0
356.5 213.0
358.5 213.0
360.0 213.0
361.5 213.0
363.5 213.0
365.0 213.0
367.0 213.0
369.0 213.0
370.5 213.0
372.0 213.0
374.5 213.0
376.0 212.5
377.5 212.5
379.0 212.5
380.5 212.0
383.0 211.0
384.5 210.0
386.5 210.0
388.0 209.5
389.5 209.0
391.5 208.5
393.0 208.0
394.5 207.5
396.0 207.0
397.5 206.5
399.0 206.0
400.5 205.5
402.0 204.5
404.0 204.0
406.0 203.5
407.5 203.0
409.5 201.5
411.5 200.0
413.0 199.0
414.0 197.5
415.5 197.0
417.5 197.0
419.5 196.0
421.0 195.5
422.5 195.0
424.0 194.5
425.5 194.5
427.0 194.0
428.5 193.5
430.0 193.5
431.5 193.5
433.0 193.5
434.5 193.5
436.0 193.0
437.5 193.0
439.0 192.5
440.5 192.5
