-35.5 276.0
-34.0 275.0
-32.5 274.0
-30.0 273.5
-28.5 272.5
-26.5 271.5
-24.0 270.5
-21.5 269.0
-20.0 269.0
-18.5 269.0
-17.5 267.5
-16.0 266.5
-14.0 266.0
-12.5 265.5
-11.0 264.5
-9.0 263.5
-7.5 263.0
-5.5 261.5
-3.5 260.5
-2.0 259.5
-0.5 259.0
1.5 258.0
3.5 257.5
5.0 257.0
7.0 256.0
8.5 255.5
10.0 254.0
11.5 254.0
13.0 253.5
14.0 252.0
15.5 251.5
17.0 250.5
18.5 250.0
20.0 250.0
21.5 248.5
23.0 247.5
24.5 246.5
26.0 245.5
28.0 243.5
29.5 243.0
31.0 242.0
32.5 241.0
34.0 240.0
36.5 239.0
38.0 237.5
39.5 237.0
41.5 236.0
43.0 234.0
45.0 232.0
46.5 231.5
48.5 230.0
50.0 229.5
52.0 228.0
53.5 227.5
55.0 227.0
57.5 226.0
59.0 225.0
60.5 224.5
63.0 223.5
64.5 222.0
66.0 221.0
67.5 220.0
69.5 219.0
71.5 218.0
73.0 216.5
75.0 215.5
76.5 214.5
79.0 213.0
81.0 212.0
82.5 211.0
84.5 209.5
86.5 208.5
88.5 207.5
90.0 206.5
92.0 205.5
94.0 204.5
96.5 203.5
98.0 202.5
99.5 201.0
101.5 200.0
103.0 199.5
104.5 199.0
106.5 197.5
108.0 197.0
109.0 196.0
110.0 195.0
111.5 195.0
113.0 195.0
114.0 194.0
115.0 193.0
117.5 191.5
119.0 190.5
121.5 189.5
123.0 188.0
125.5 186.5
128.0 185.5
130.5 184.0
133.0 182.5
135.5 181.5
137.5 180.0
139.0 179.5
140.5 179.0
143.0 177.5
145.5 176.5
147.5 175.0
149.0 174.0
151.5 173.0
153.5 172.0
155.0 171.0
156.5 170.0
158.0 169.0
160.0 168.0
162.0 166.0
164.5 165.0
166.5 163.5
168.0 163.0
169.5 162.0
171.0 161.0
173.5 160.0
175.0 158.5
176.5 157.5
178.0 156.5
179.5 156.0
181.0 155.5
183.0 154.5
185.0 153.5
186.5 152.5
188.0 151.5
190.0 151.0
191.5 149.0
193.0 148.0
195.5 146.5
197.0 146.0
199.5 144.5
201.5 144.0
203.5 142.5
205.5 141.0
208.0 139.5
210.0 138.5
211.5 137.5
214.0 136.0
215.5 135.5
217.0 135.0
219.0 134.0
221.0 132.0
222.0 130.5
224.0 129.0
225.5 128.0
227.5 127.0
229.5 126.0
231.0 124.5
233.0 124.0
234.5 122.5
236.0 121.5
237.5 120.5
239.0 120.0
241.5 118.5
243.5 117.0
245.0 116.0
246.5 115.0
249.0 114.5
251.5 113.0
253.0 112.0
255.0 111.0
257.5 109.5
259.5 108.5
261.0 107.5
262.5 106.5
264.5 105.0
266.5 104.0
268.5 102.5
270.5 101.5
272.5 100.5
274.5 98.5
276.0 97.5
278.0 96.5
279.5 95.5
281.5 94.0
284.0 93.5
286.0 92.5
287.5 91.5
289.5 90.0
291.5 89.0
294.0 88.0
295.5 87.0
297.0 86.0
298.5 85.5
301.0 84.5
302.5 83.0
305.0 81.5
307.0 80.5
309.0 80.0
311.0 79.0
313.5 77.5
315.5 76.5
318.0 75.5
320.0 75.0
321.0 73.5
323.0 73.0
324.5 72.0
327.0 71.0
329.0 70.0
331.0 69.0
332.5 68.5
334.0 68.0
335.5 67.0
337.0 66.0
339.5 64.5
341.0 64.5
342.5 64.5
344.5 63.0
346.0 62.0
348.5 60.5
350.0 60.0
351.5 59.5
353.0 58.0
355.5 56.5
357.5 55.5
360.0 54.5
362.0 53.5
364.0 52.0
366.5 51.0
369.0 50.0
371.0 48.0
373.0 47.0
375.0 46.0
377.0 45.0
379.0 44.5
380.5 43.5
382.0 43.0
384.0 42.0
386.0 41.0
387.0 40.0
388.0 39.0
390.0 37.5
392.5 36.5
395.0 35.0
396.5 34.0
398.5 33.0
399.5 32.0
400.5 31.0
402.0 30.5
403.5 30.0
405.0 29.0
406.5 28.0
409.0 26.5
410.5 25.5
412.0 24.5
414.5 23.5
416.5 22.0
418.0 21.0
419.5 20.5
421.0 19.5
422.5 18.5
424.0 17.5
425.5 16.5
