200.0 -35.0
199.0 -33.0
199.0 -31.0
198.0 -29.5
197.5 -28.0
197.0 -26.5
196.5 -25.0
195.5 -23.0
195.0 -21.5
194.5 -20.0
194.5 -18.5
193.5 -17.0
193.0 -15.5
192.5 -14.0
192.0 -12.5
191.5 -11.0
190.5 -9.0
190.0 -7.5
189.5 -6.0
189.5 -4.5
189.0 -2.5
188.5 -1.0
188.5 0.5
188.0 2.5
187.0 4.0
187.0 5.5
187.0 7.0
187.0 8.5
187.0 10.0
187.0 11.5
187.0 13.0
187.0 14.5
187.0 16.0
187.0 17.5
186.5 19.5
186.5 21.0
186.5 22.5
186.5 24.0
186.5 25.5
186.5 27.0
187.0 28.5
187.0 30.0
187.0 31.5
187.5 33.5
187.5 35.0
187.5 36.5
188.0 38.0
188.5 39.5
188.5 41.0
188.5 42.5
189.5 44.0
190.0 45.5
190.0 47.0
191.0 48.5
191.5 50.0
192.0 51.5
192.5 53.5
193.5 55.0
194.5 56.5
195.5 58.0
196.5 60.0
197.5 62.0
198.0 63.5
199.0 65.0
199.5 66.5
200.0 68.0
201.0 69.5
201.5 71.0
202.5 72.5
203.0 74.0
204.5 75.5
205.5 77.0
205.5 79.0
206.5 80.5
207.0 82.0
208.0 83.5
208.5 85.0
209.0 86.5
209.5 88.0
210.0 89.5
210.5 91.0
210.5 93.0
211.0 94.5
211.0 96.5
211.0 98.0
211.5 99.5
212.5 101.0
212.5 102.5
212.5 104.5
212.5 106.0
212.5 107.5
212.5 109.0
212.0 110.5
212.0 112.0
212.0 113.5
211.5 115.0
211.5 117.0
211.0 118.5
211.0 120.0
211.0 121.5
210.5 123.0
210.5 124.5
210.0 126.0
210.0 127.5
209.5 129.0
209.0 130.5
208.5 132.0
208.0 133.5
207.0 135.5
206.0 137.0
206.0 138.5
205.5 140.0
205.0 141.5
204.0 143.0
203.0 144.5
202.5 146.0
202.5 147.5
201.5 149.0
201.5 150.5
201.5 152.0
201.5 153.5
201.5 155.5
201.0 157.0
200.0 158.5
200.0 160.0
199.0 161.5
198.5 163.0
198.0 164.5
197.5 166.0
196.5 167.5
195.5 169.0
195.0 170.5
194.5 172.5
193.5 174.0
193.0 175.5
192.5 177.0
192.0 178.5
191.0 180.0
190.5 181.5
190.0 183.0
189.5 185.0
188.5 186.5
187.0 187.5
186.5 189.5
185.5 191.0
185.0 192.5
184.5 194.0
184.0 195.5
183.5 197.0
183.0 198.5
183.0 200.0
182.5 201.5
182.0 203.0
182.0 204.5
181.5 206.5
181.5 208.0
181.5 210.0
181.5 211.5
181.5 213.0
181.5 215.0
181.5 216.5
182.0 218.0
182.5 219.5
183.5 221.0
184.0 222.5
184.0 224.0
184.5 225.5
185.5 227.0
186.0 228.5
187.5 230.0
188.5 231.5
189.5 233.0
190.5 234.5
191.5 236.5
192.5 238.0
193.5 239.5
194.5 241.0
195.0 242.5
196.0 244.0
196.5 245.5
197.5 247.0
198.5 248.5
199.5 250.0
201.0 251.5
202.0 253.5
203.0 255.0
203.5 256.5
204.0 258.0
205.0 259.5
205.5 261.0
206.5 262.5
207.0 264.0
207.5 265.5
208.0 267.0
209.5 268.0
210.0 269.5
210.0 271.0
210.5 272.5
211.5 274.0
212.0 275.5
212.5 277.0
213.0 279.0
213.5 280.5
214.0 282.0
214.5 283.5
214.5 285.0
215.0 286.5
215.0 288.0
216.0 289.5
216.0 291.0
216.5 292.5
216.5 294.0
217.0 296.0
218.0 297.5
218.0 299.0
219.0 300.5
219.0 302.0
219.5 303.5
220.0 305.5
220.0 307.0
220.0 308.5
220.0 310.0
220.0 311.5
220.0 313.0
220.0 314.5
220.0 316.0
220.0 317.5
220.0 319.0
220.0 320.5
220.0 322.0
220.5 323.5
220.5 325.0
220.5 326.5
220.5 328.5
220.5 330.0
220.5 331.5
220.5 333.0
220.5 335.5
220.5 338.0
220.5 340.5
219.5 342.0
219.5 343.5
219.5 345.0
219.5 346.5
219.0 348.0
218.5 349.5
218.5 351.5
218.0 353.0
217.5 354.5
217.0 356.0
216.5 357.5
215.5 359.0
215.0 360.5
214.5 362.0
213.5 363.5
212.5 365.0
211.0 366.5
209.5 367.0
209.0 368.5
207.5 369.5
206.0 371.0
204.5 372.0
203.0 372.5
201.5 372.5
200.0 373.5
198.5 373.5
197.0 374.5
195.5 374.5
193.5 374.5
192.0 374.5
190.5 374.5
189.0 374.5
187.5 374.5
186.0 375.0
184.5 375.0
183.0 375.0
181.5 375.0
180.0 375.0
178.5 375.0
177.0 375.0
175.5 375.0
174.0 375.0
172.5 375.0
171.0 375.0
169.0 374.5
167.5 374.5
166.0 374.0
164.5 373.5
163.0 373.5
161.5 372.5
160.0 372.5
158.5 372.0
157.0 371.0
155.5 370.5
154.0 370.0
152.0 369.5
150.5 369.5
149.5 368.0
148.0 367.5
146.5 367.0
145.0 367.0
143.5 366.5
142.0 365.5
140.5 365.0
139.0 364.0
137.5 363.5
136.0 362.0
134.5 362.0
133.0 360.0
131.5 359.5
130.0 358.5
128.5 357.5
126.5 356.5
125.0 355.0
123.5 354.5
121.5 353.5
120.0 351.5
118.0 350.5
116.5 349.5
115.5 348.0
114.0 347.0
112.5 345.5
111.0 344.5
110.5 343.0
109.0 342.5
108.0 341.0
107.0 339.5
106.5 338.0
105.5 336.5
104.5 334.5
104.5 333.0
103.5 331.5
103.0 330.0
102.0 328.5
101.0 327.0
101.0 325.5
100.0 324.0
100.0 322.5
100.0 321.0
99.5 319.5
99.0 317.5
99.0 316.0
99.0 314.5
99.0 313.0
99.0 311.5
99.0 310.0
99.0 308.5
99.0 307.0
99.5 305.5
100.0 304.0
101.5 303.0
102.0 301.5
103.0 300.0
104.5 299.0
105.5 297.5
107.0 297.0
108.5 296.5
110.5 295.5
112.0 295.5
113.5 295.0
115.0 295.0
116.5 295.0
118.5 295.0
120.5 295.0
123.0 295.0
125.0 295.0
126.5 295.0
128.0 295.0
129.5 296.5
131.0 297.0
132.5 298.0
134.0 299.0
135.5 300.5
137.5 302.0
139.0 303.5
140.5 304.5
142.5 305.5
144.0 306.5
145.5 307.5
146.5 309.0
148.0 309.5
149.0 311.0
150.5 311.5
152.0 312.5
153.5 313.5
155.0 314.0
156.5 315.5
158.5 316.5
160.5 317.5
162.0 318.0
163.5 319.0
165.0 319.5
166.5 320.0
168.0 320.5
169.5 321.0
171.0 321.5
173.0 322.0
174.5 322.0
176.0 322.5
177.5 323.0
179.0 323.0
180.5 323.0
182.0 323.5
183.5 324.0
185.0 324.0
186.5 324.0
188.0 324.5
189.5 324.5
191.0 324.5
192.5 324.5
194.5 324.5
196.0 326.0
197.5 326.0
199.0 326.0
200.5 326.0
202.0 326.0
203.5 326.0
205.0 326.0
206.5 326.0
208.0 326.0
210.0 326.0
211.5 326.0
213.0 326.0
214.5 325.5
216.0 325.5
218.0 325.5
220.0 325.5
221.5 325.5
223.0 325.5
224.5 325.5
226.0 325.5
227.5 324.5
229.5 324.5
231.0 324.0
232.5 324.0
234.0 324.0
235.5 323.5
237.0 323.0
238.5 323.0
240.0 323.0
241.5 322.0
243.0 322.0
244.5 321.5
246.5 321.5
248.0 321.0
250.0 320.5
251.5 320.0
253.0 319.5
254.5 319.0
256.0 319.0
257.0 317.5
258.5 317.5
260.0 316.5
261.5 316.0
263.0 315.5
264.5 315.0
266.0 314.0
267.5 314.0
269.0 313.0
271.0 312.0
272.5 311.0
274.0 310.5
275.5 310.0
276.0 308.5
277.5 308.0
279.5 307.5
281.0 306.0
282.5 304.5
284.0 303.0
285.5 302.0
286.5 300.5
288.0 300.0
289.5 299.0
291.0 298.0
292.5 297.5
294.0 296.5
295.0 295.0
296.5 294.5
298.0 293.5
299.5 292.5
301.0 292.0
302.5 290.5
304.0 289.0
305.5 288.0
306.0 286.5
307.5 285.5
309.0 284.5
310.0 283.0
310.5 281.5
311.0 280.0
311.0 278.5
311.5 277.0
312.5 275.5
312.5 274.0
313.0 272.5
313.5 271.0
313.5 269.5
313.5 268.0
313.5 266.5
313.5 265.0
313.5 263.5
313.5 261.5
313.5 260.0
313.5 258.5
312.5 257.0
311.5 255.5
310.5 254.0
309.0 253.0
308.0 251.5
306.5 250.5
305.0 249.5
303.5 248.5
302.0 247.5
300.5 247.0
299.0 246.0
297.5 245.5
296.0 244.5
294.5 244.5
293.0 244.5
291.5 244.0
290.0 244.0
288.5 244.0
287.0 243.5
285.5 243.5
283.5 243.5
282.0 243.0
280.5 243.0
279.0 243.0
277.5 243.0
276.0 243.0
274.0 243.0
272.5 243.0
271.0 243.0
269.0 243.0
267.5 243.0
266.0 243.0
264.5 243.0
263.0 243.5
261.5 243.5
260.0 244.5
258.0 244.5
256.5 244.5
255.0 245.0
253.5 245.0
252.0 245.0
250.5 245.0
248.5 245.5
247.0 245.5
245.5 246.0
244.0 246.0
242.5 246.5
240.5 246.5
239.0 247.0
237.5 247.0
236.0 247.5
234.0 247.5
232.5 247.5
231.0 247.5
229.5 248.0
227.5 248.5
226.0 248.5
224.0 248.5
222.5 249.0
221.0 249.0
219.5 249.5
218.0 249.5
216.5 249.5
215.0 249.5
213.5 249.5
212.0 250.0
210.5 250.0
209.0 250.0
207.0 250.0
205.5 250.0
204.0 250.0
202.5 250.5
201.0 250.5
199.5 251.0
198.0 251.0
196.5 251.0
194.5 251.0
192.5 251.5
191.0 251.5
189.0 251.5
187.5 251.5
186.0 251.5
184.5 251.5
183.0 251.5
180.5 251.5
178.5 251.5
176.5 251.5
175.0 251.5
173.0 251.5
170.5 251.5
169.0 251.5
167.5 251.5
165.5 251.5
163.5 251.5
162.0 251.5
160.5 251.5
159.0 251.5
157.5 251.0
156.0 251.0
154.5 251.0
152.5 251.0
150.5 250.5
149.0 250.0
147.0 250.0
145.5 250.0
144.0 250.0
142.5 249.5
141.0 249.5
139.0 249.0
137.5 248.5
136.0 248.5
134.5 248.5
133.0 248.0
131.5 247.5
130.0 247.5
128.5 247.0
127.0 247.0
125.5 247.0
124.0 246.5
122.0 246.0
120.5 246.0
118.5 246.0
117.0 245.5
115.0 244.5
113.0 244.5
111.5 244.0
110.0 243.5
108.5 243.5
107.0 243.0
105.0 242.0
103.5 242.0
102.0 241.5
100.5 240.5
99.0 240.0
97.5 239.5
96.0 239.0
94.5 238.5
93.0 237.0
91.5 236.0
90.0 235.0
88.0 234.0
87.0 232.5
86.5 231.0
85.5 229.5
85.0 227.5
84.5 226.0
84.0 224.5
84.0 223.0
84.0 221.5
84.0 220.0
84.0 218.5
84.0 217.0
84.0 215.5
84.0 214.0
84.5 212.5
85.5 210.5
87.0 209.0
88.5 208.5
89.0 207.0
90.5 206.5
92.0 205.5
93.5 205.0
95.0 204.5
96.5 204.0
98.0 203.5
99.5 203.0
101.0 202.0
102.5 201.5
104.0 201.5
106.0 201.5
107.5 201.0
109.0 201.0
110.5 201.0
112.0 201.0
114.0 201.0
116.0 201.0
117.5 201.0
119.5 201.0
121.0 201.0
123.0 201.0
124.5 201.0
126.0 201.0
127.5 201.0
130.5 201.0
132.0 201.0
133.5 201.0
135.5 202.0
137.0 202.0
139.0 202.5
141.0 202.5
142.5 203.0
144.0 203.5
145.5 204.0
147.5 204.5
149.0 204.5
150.5 205.0
152.0 206.0
153.5 206.0
155.0 207.0
157.0 207.5
158.5 208.0
160.0 208.0
161.5 208.5
163.0 209.0
165.0 209.5
166.5 209.5
168.0 210.5
170.0 210.5
171.5 211.5
173.0 211.5
174.5 212.5
176.0 212.5
177.5 213.0
179.5 213.5
181.5 214.0
183.0 214.5
184.5 215.0
186.0 215.5
187.5 216.0
189.0 216.5
190.5 217.0
192.0 217.5
193.5 218.0
195.5 218.0
197.0 219.0
198.5 219.5
200.0 219.5
202.0 219.5
203.5 219.5
205.0 220.0
207.0 220.5
208.5 221.0
210.0 221.0
211.5 221.0
213.0 221.5
215.5 221.5
217.0 221.5
218.5 222.0
220.0 222.0
221.5 222.0
223.0 222.0
224.5 222.0
226.0 222.0
227.5 222.0
229.0 222.0
230.5 222.0
232.5 222.0
234.0 222.0
235.5 222.0
237.0 222.0
238.5 222.0
240.0 222.0
241.5 222.0
243.0 222.0
244.5 222.0
246.0 222.0
247.5 222.0
249.5 222.0
251.0 222.0
252.5 222.0
254.0 222.0
255.5 222.0
257.0 222.0
258.5 222.0
260.0 221.0
261.5 221.0
263.0 220.5
264.5 220.5
265.5 219.0
267.0 219.0
268.5 219.0
270.0 218.5
271.5 218.0
273.5 218.0
275.0 217.5
276.5 217.0
278.0 216.5
279.5 216.0
281.0 215.5
282.5 215.0
285.0 215.0
286.5 214.5
288.0 214.0
289.5 213.5
291.0 213.0
292.5 212.5
294.0 212.0
295.5 211.5
296.5 210.0
298.0 210.0
299.5 209.0
301.0 208.5
302.5 208.0
304.0 207.5
305.5 206.5
307.0 206.0
309.0 205.0
310.5 204.5
312.0 203.5
313.5 203.0
314.5 201.5
316.0 201.5
317.5 200.0
319.0 199.5
320.5 198.0
322.0 197.5
323.5 196.0
325.0 194.5
326.5 193.0
327.5 191.5
329.0 190.5
330.0 189.0
331.5 189.0
332.5 187.5
334.0 186.0
335.5 185.5
336.0 184.0
337.0 182.5
338.5 182.0
340.0 181.0
341.5 179.5
343.0 178.5
344.5 177.5
345.5 176.0
346.5 174.5
347.5 173.0
349.0 171.5
350.0 170.0
351.0 168.5
352.5 167.0
353.0 165.5
353.5 164.0
354.0 162.5
355.0 161.0
355.5 159.0
355.5 157.5
356.0 156.0
356.0 154.5
356.5 153.0
356.5 151.5
356.5 150.0
356.5 148.5
356.5 147.0
356.5 145.5
356.5 144.0
356.5 142.0
356.5 140.0
356.5 138.5
356.5 137.0
356.5 135.5
356.5 133.5
356.5 132.0
356.5 130.5
356.5 129.0
356.5 127.5
356.0 126.0
356.0 124.0
355.5 122.5
355.0 121.0
354.0 119.5
352.5 118.0
352.0 116.5
351.5 115.0
351.0 113.5
350.0 112.0
349.0 110.5
348.5 109.0
347.5 107.5
346.5 106.0
345.0 105.0
344.0 103.5
343.0 102.0
342.0 100.5
340.5 99.0
340.0 97.5
339.0 96.0
337.5 95.0
336.5 93.5
335.0 93.0
333.5 91.0
331.5 89.5
330.0 88.0
328.5 87.0
326.5 86.5
324.5 85.5
323.0 84.5
321.0 84.0
319.5 82.5
317.5 82.0
316.0 81.5
314.5 81.0
313.0 81.0
311.5 80.5
310.0 80.5
308.5 80.0
307.0 80.0
305.5 80.0
304.0 80.0
302.5 80.0
301.0 80.0
299.5 80.5
298.0 81.0
296.5 81.5
296.0 83.0
294.5 83.5
293.0 84.0
291.5 85.5
290.0 86.5
288.5 88.0
287.0 89.5
286.5 91.0
285.5 92.5
284.0 93.5
283.0 95.0
282.0 97.0
281.5 98.5
280.5 100.0
280.0 101.5
279.5 103.0
279.0 104.5
278.5 106.0
278.0 108.0
277.5 109.5
277.0 111.0
275.5 113.0
275.5 114.5
275.0 116.5
274.5 118.0
274.0 119.5
273.5 121.0
273.0 122.5
273.0 124.0
273.0 125.5
272.5 127.0
272.5 128.5
271.5 130.0
271.5 131.5
271.0 133.5
270.5 135.0
270.0 137.0
269.0 138.5
269.0 140.0
267.5 142.0
267.0 144.0
266.0 145.5
266.0 147.0
265.0 148.5
264.5 150.5
263.0 152.0
262.0 153.5
260.5 154.5
260.0 156.0
258.5 157.5
257.0 159.0
255.5 160.0
254.0 161.0
252.5 161.5
250.5 162.5
249.0 162.5
247.5 163.0
246.0 163.5
244.5 163.5
243.0 163.5
241.5 163.5
240.0 163.5
238.5 163.5
237.0 163.5
235.5 163.5
233.5 163.5
232.0 163.5
230.5 163.5
229.0 163.5
227.5 163.0
225.0 162.5
223.5 162.5
222.0 162.5
220.5 162.0
219.0 161.5
217.5 161.5
216.0 161.0
214.5 161.0
213.0 160.5
211.5 160.0
210.5 158.5
209.0 158.0
207.5 157.0
206.0 156.5
204.5 155.5
203.0 154.5
201.5 153.5
199.5 152.5
198.5 150.5
197.0 150.0
195.5 148.0
194.0 147.0
193.0 145.5
191.0 144.0
190.0 142.0
188.5 141.0
187.5 139.5
186.5 137.5
185.5 136.0
184.0 135.0
184.0 133.5
182.5 132.5
181.5 131.0
180.5 129.5
179.0 128.5
178.5 127.0
177.0 126.5
176.5 125.0
176.0 123.5
174.0 122.0
172.5 120.0
171.5 118.5
170.0 117.5
169.5 116.0
168.0 114.5
167.0 113.0
165.5 112.5
164.5 111.0
163.0 109.5
162.5 108.0
161.0 106.5
160.0 105.0
159.0 103.5
158.0 102.0
156.5 101.0
156.0 99.5
155.5 98.0
154.0 96.5
153.0 95.0
152.0 93.5
150.5 92.0
149.5 90.5
148.0 89.5
146.5 88.5
145.0 87.0
143.5 86.0
143.0 84.5
141.5 83.5
140.0 82.5
138.5 81.5
137.0 81.0
135.5 80.0
134.0 80.0
132.5 79.5
131.0 79.5
129.5 79.0
128.0 79.0
126.5 79.0
125.0 79.0
123.0 79.0
121.5 79.0
120.0 79.0
118.5 79.0
117.0 80.0
115.5 80.0
114.0 80.0
112.5 80.5
111.0 81.0
109.5 81.5
108.0 82.5
106.0 83.0
104.5 84.0
103.0 84.0
101.5 85.0
100.0 85.5
98.5 86.5
97.0 87.0
95.5 88.0
94.0 88.5
92.5 89.5
91.5 91.0
90.0 92.0
88.5 92.5
87.0 93.5
85.5 95.0
84.0 96.0
82.0 97.5
80.5 98.5
80.0 100.0
78.5 100.5
77.5 102.0
76.0 102.5
75.0 104.0
73.5 105.0
72.0 106.0
70.5 108.0
69.0 109.5
68.0 111.0
66.5 112.5
65.5 114.0
64.5 115.5
63.0 116.5
62.5 118.0
62.0 119.5
61.0 121.0
60.0 122.5
59.0 124.0
58.5 125.5
58.0 127.0
57.0 128.5
56.5 130.0
55.0 131.0
54.5 133.5
53.5 135.0
53.0 136.5
52.5 138.0
52.0 139.5
51.0 141.0
50.5 142.5
50.0 144.0
50.0 145.5
49.5 147.0
49.5 148.5
49.0 151.0
48.5 153.5
48.5 155.0
48.0 156.5
47.5 158.0
47.5 159.5
46.5 161.0
46.0 162.5
45.5 164.0
44.5 165.5
44.0 167.5
44.0 169.0
43.5 170.5
43.0 172.0
42.5 173.5
42.0 175.0
42.0 176.5
41.5 178.0
41.5 179.5
41.0 181.0
40.5 182.5
39.5 184.5
39.5 186.0
39.0 187.5
39.0 189.0
37.5 189.5
37.5 191.0
37.0 193.0
36.5 194.5
36.5 196.0
36.0 197.5
36.0 199.0
35.0 200.5
35.0 202.5
34.5 204.0
34.0 205.5
34.0 207.0
33.5 208.5
33.0 210.0
32.5 211.5
32.5 213.0
32.0 214.5
31.5 216.0
31.5 217.5
31.0 219.0
30.5 220.5
29.0 221.5
28.5 223.0
28.0 224.5
27.0 226.0
26.5 227.5
25.5 229.0
24.5 230.5
23.5 232.0
22.0 233.5
20.5 235.5
19.0 236.5
18.5 238.0
17.5 239.5
16.0 240.5
15.0 242.0
13.5 243.0
12.0 244.0
11.0 245.5
9.5 246.0
8.5 247.5
7.0 248.0
5.5 249.5
4.0 250.0
3.0 251.5
1.5 252.5
0.5 254.0
-1.0 254.5
-2.5 255.5
-3.5 257.0
-5.0 257.0
-6.5 258.0
-8.0 259.5
-9.0 261.0
-10.5 261.5
-12.0 262.5
-13.5 263.0
-15.0 263.5
-16.5 264.5
-18.0 265.0
-19.5 266.0
-21.5 267.0
-23.5 267.5
-25.0 268.5
-26.0 270.0
-27.5 270.0
-29.0 271.0
-30.5 271.5
-32.0 272.5
-33.5 273.0
-35.0 274.0
-36.5 274.5
-38.5 275.0
-40.0 275.5
-41.5 276.5
-43.0 276.5
-43.5 278.0
-45.0 278.5
