-39.5 21.0
-38.0 22.5
-36.0 24.0
-35.0 25.0
-34.0 26.0
-32.5 27.0
-31.0 28.0
-29.5 29.0
-28.0 30.0
-27.0 31.0
-26.0 32.0
-24.5 33.0
-23.0 34.0
-22.0 35.0
-21.0 36.0
-19.5 36.5
-18.0 37.0
-17.0 38.0
-16.0 39.0
-14.5 40.0
-13.0 41.0
-11.5 42.5
-10.5 43.5
-9.5 44.5
-8.0 45.0
-6.5 45.5
-5.0 47.5
-3.5 49.0
-2.0 50.0
-0.5 52.0
1.0 53.0
2.5 54.0
4.0 55.0
5.5 56.0
7.0 58.0
8.5 58.5
9.5 60.5
11.0 61.0
12.5 62.5
14.5 64.0
15.0 65.5
17.0 66.5
18.0 67.5
19.0 68.5
20.5 69.5
22.0 71.0
24.0 73.0
25.5 74.0
27.5 75.5
28.5 77.5
30.0 78.5
31.0 80.0
33.0 81.0
34.0 82.5
36.0 83.5
37.5 85.0
38.5 86.5
40.0 88.0
41.0 89.5
42.5 90.5
43.5 92.0
45.0 92.5
46.5 93.5
47.5 95.5
49.0 96.0
50.5 97.5
52.0 99.0
53.5 100.0
55.0 100.5
56.0 102.0
57.5 103.5
59.0 104.5
60.0 106.0
61.5 106.5
63.0 107.0
64.5 108.0
66.0 109.0
67.5 110.0
68.5 111.5
70.5 112.5
71.5 114.5
73.0 115.5
74.5 117.0
76.0 119.0
78.5 120.5
80.0 121.5
81.5 122.5
83.0 123.5
84.5 125.0
86.0 126.0
88.0 127.5
89.5 129.0
91.0 130.0
92.0 131.5
93.5 132.5
96.0 134.0
97.5 135.5
99.0 137.0
100.5 138.0
102.0 138.5
104.0 140.0
105.5 140.5
107.0 142.0
108.5 143.0
110.0 144.5
111.5 146.0
113.5 147.0
115.5 148.5
117.0 150.0
118.5 151.0
121.0 152.0
122.5 153.0
124.0 154.5
125.5 155.5
127.5 156.5
129.5 158.0
131.5 159.5
133.5 160.5
135.0 161.5
136.5 163.0
138.5 164.5
140.0 165.0
141.5 166.0
143.0 167.0
144.5 168.0
146.5 169.5
148.0 171.0
150.0 172.5
151.5 174.0
153.0 175.0
155.0 175.5
157.0 176.5
158.5 178.0
160.5 179.5
162.0 180.5
163.5 180.5
165.0 180.5
166.5 183.0
168.0 183.5
170.0 184.5
172.0 185.5
174.0 186.5
175.5 188.0
177.0 189.0
179.0 190.0
180.5 191.0
182.0 192.0
184.0 193.5
186.0 194.0
188.0 195.5
190.5 197.0
192.5 198.0
194.0 199.0
196.5 200.0
198.5 201.0
201.0 202.0
203.0 203.0
205.0 203.5
207.5 205.0
209.0 206.0
211.0 207.0
212.5 207.5
214.5 208.5
216.5 209.0
218.0 209.5
219.5 210.0
221.5 211.0
223.5 212.0
225.0 212.5
227.0 214.0
228.5 215.0
230.0 216.0
232.5 217.0
234.0 218.0
235.0 219.0
236.0 220.0
238.5 220.5
241.0 222.0
243.5 223.5
246.0 224.5
247.5 225.0
249.0 225.5
251.5 227.0
253.5 228.0
256.0 229.5
258.0 231.0
260.0 232.0
262.0 233.0
264.0 233.5
266.5 234.5
268.0 235.0
269.5 236.0
271.0 236.5
272.5 237.5
274.5 239.0
276.0 239.5
277.5 240.0
279.0 241.0
280.5 241.5
282.5 242.0
284.5 243.0
286.0 243.5
288.0 244.5
289.5 245.0
291.5 246.0
293.5 247.5
295.0 248.0
296.5 248.5
298.0 249.5
300.0 250.0
302.0 251.0
304.0 252.0
305.5 252.5
307.0 253.5
309.0 254.5
311.0 255.0
313.0 256.5
314.5 257.0
316.5 257.5
318.5 258.0
320.5 259.0
322.5 259.5
324.0 260.0
326.0 260.5
328.0 261.5
330.0 262.5
332.0 263.0
334.0 263.5
336.5 264.5
338.5 265.5
340.0 266.5
342.0 267.0
344.0 268.0
346.0 268.5
348.0 269.5
349.5 269.5
352.0 270.5
354.5 271.0
356.5 272.0
359.0 273.0
361.5 274.0
364.0 275.0
366.0 275.5
368.0 276.0
370.0 276.5
372.0 277.0
374.0 278.0
376.0 279.0
378.5 279.5
381.0 280.0
383.0 281.0
385.0 282.0
386.5 282.5
388.0 283.0
390.5 284.0
392.0 284.5
393.5 285.0
395.0 285.5
396.5 285.5
398.0 286.5
400.0 287.0
402.5 287.5
405.0 288.0
406.5 288.5
408.0 288.5
410.0 289.0
411.5 290.0
413.0 290.0
